1632
-0.735539
-0.751552
-0.768184
-0.790414
-0.8126
-0.834746
-0.856851
-0.878916
-0.900936
-0.936744
-0.972599
-1.0085
-1.04445
-1.08045
-1.11649
-1.05877
-1.00104
-0.943273
-0.885491
-0.827697
-0.769898
-0.703045
-0.66146
-0.619927
-0.578456
-0.537052
-0.49572
-0.454516
-0.433586
-0.412576
-0.391488
-0.370322
-0.34908
-0.327762
-0.332832
-0.33783
-0.342757
-0.347615
-0.352403
-0.357123
-0.366902
-0.376602
-0.386224
-0.395769
-0.405237
-0.414628
-0.431717
-0.449001
-0.466481
-0.484156
-0.502029
-0.5201
-0.542934
-0.53059
-0.518356
-0.506234
-0.494222
-0.482321
-0.470528
-0.463439
-0.456254
-0.448975
-0.4416
-0.434131
-0.426568
-0.418786
-0.410998
-0.403205
-0.395408
-0.387608
-0.379807
-0.386961
-0.394175
-0.401446
-0.408776
-0.416162
-0.423605
-0.427555
-0.468098
-0.508566
-0.54896
-0.589282
-0.629531
-0.669802
-0.641882
-0.614125
-0.58653
-0.559097
-0.531826
-0.504716
-0.543336
-0.582001
-0.620717
-0.65949
-0.698326
-0.737228
-0.733099
-0.728862
-0.724519
-0.720068
-0.71551
-0.710847
-0.668895
-0.630538
-0.592245
-0.554014
-0.515847
-0.477742
-0.426002
-0.41899
-0.41192
-0.404793
-0.397609
-0.39037
-0.383076
-0.317481
-0.25187
-0.186255
-0.120644
-0.0550449
0.0105359
-0.0117024
-0.0337613
-0.0556453
-0.0773591
-0.0989074
-0.120294
-0.132767
-0.145192
-0.157571
-0.169903
-0.18219
-0.194432
-0.208727
-0.19494
-0.181325
-0.167883
-0.154614
-0.141517
-0.128642
-0.133675
-0.138624
-0.143492
-0.148277
-0.152982
-0.157605
-0.130702
-0.104372
-0.0786494
-0.0535548
-0.0291057
-0.00532195
-0.0601396
-0.114938
-0.169717
-0.224477
-0.279218
-0.33394
-0.376428
-0.313685
-0.250975
-0.188302
-0.125663
-0.0630541
-0.000231056
-0.014423
-0.0287179
-0.0431144
-0.0576111
-0.072207
-0.0869009
-0.101152
-0.115325
-0.129422
-0.143445
-0.157394
-0.171272
-0.180211
-0.18929
-0.198509
-0.207867
-0.217362
-0.226996
-0.247428
-0.301598
-0.355757
-0.409904
-0.464037
-0.518155
-0.563706
-0.562917
-0.562342
-0.561981
-0.561835
-0.561904
-0.562187
-0.587001
-0.611833
-0.636684
-0.66155
-0.686432
-0.711327
-0.688273
-0.665337
-0.642517
-0.619811
-0.597214
-0.574724
-0.546087
-0.517583
-0.489213
-0.460974
-0.432869
-0.404897
-0.384629
-0.385395
-0.386054
-0.386603
-0.387045
-0.387379
-0.38758
-0.340314
-0.293189
-0.246208
-0.19937
-0.152675
-0.106124
-0.117576
-0.128864
-0.139988
-0.150948
-0.161745
-0.172378
-0.178807
-0.185366
-0.192055
-0.198873
-0.205819
-0.212893
-0.224162
-0.231993
-0.239679
-0.24722
-0.254617
-0.261871
-0.268913
-0.204748
-0.140675
-0.0766929
-0.0128029
0.0509893
0.114664
0.102275
0.0897886
0.0772044
0.0645232
0.0517454
0.0388714
0.0327534
0.0267178
0.0207641
0.0148917
0.00909996
0.00338816
0.0376927
0.0645349
0.0912257
0.117766
0.144155
0.170395
0.196649
0.169924
0.143275
0.116701
0.0902021
0.0637768
0.0376987
0.00664757
-0.0246105
-0.0560766
-0.0877521
-0.119638
-0.151735
-0.193807
-0.235783
-0.277662
-0.319449
-0.361167
-0.402809
-0.379769
-0.356876
-0.33412
-0.31148
-0.28896
-0.266568
-0.248908
-0.224483
-0.19989
-0.17513
-0.150202
-0.125108
-0.0996891
-0.0848163
-0.069906
-0.0549584
-0.0399739
-0.0249529
-0.00989572
0.0340427
0.0778355
0.121474
0.164951
0.208262
0.251401
0.226248
0.201286
0.176517
0.151939
0.127554
0.103359
0.0973937
0.106284
0.115048
0.123688
0.132204
0.140597
0.148884
0.136496
0.124119
0.11175
0.0993867
0.0870304
0.0746822
0.0362429
-0.00234305
-0.0410757
-0.0799547
-0.118979
-0.158148
-0.175775
-0.19348
-0.211262
-0.229121
-0.247056
-0.265067
-0.247107
-0.208914
-0.170721
-0.132532
-0.0943508
-0.05618
-0.0180515
-0.0118251
-0.00572233
0.000257247
0.00611419
0.011849
0.0176082
0.0680741
0.118684
0.169434
0.220322
0.271358
0.322549
0.303298
0.28372
0.263816
0.243588
0.223021
0.202107
0.150247
0.098394
0.0465369
-0.0053371
-0.0572398
-0.10918
-0.162653
-0.123805
-0.0849982
-0.0462268
-0.00748088
0.0312521
0.0698755
0.0438519
0.0179081
-0.00795706
-0.0337445
-0.059455
-0.0850895
-0.0718485
-0.0584336
-0.0448444
-0.0310806
-0.0171419
-0.00302819
0.0018577
0.00663646
0.0113084
0.0158738
0.0203329
0.024686
0.0440446
0.0659835
0.0879344
0.109894
0.131858
0.153823
0.175644
0.145925
0.11609
0.0861417
0.0560815
0.0259108
-0.00436898
-0.0448529
-0.0854546
-0.126173
-0.167006
-0.207971
-0.249075
-0.20246
-0.155906
-0.109411
-0.0629722
-0.0165892
0.0297401
-0.0236565
-0.078591
-0.133508
-0.188409
-0.243293
-0.29816
-0.357472
-0.32141
-0.285444
-0.249555
-0.213744
-0.178016
-0.142438
-0.172547
-0.202728
-0.232979
-0.263299
-0.293686
-0.324156
-0.281514
-0.238811
-0.196048
-0.153224
-0.110341
-0.0673972
-0.0772015
-0.0869004
-0.096495
-0.105986
-0.115376
-0.124664
-0.129409
-0.178713
-0.228016
-0.277318
-0.326619
-0.37592
-0.425244
-0.46099
-0.496652
-0.532227
-0.567714
-0.603112
-0.638418
-0.679485
-0.720623
-0.76183
-0.803105
-0.844456
-0.885897
-0.864266
-0.842791
-0.821469
-0.800293
-0.779264
-0.758383
-0.796839
-0.844526
-0.892182
-0.939807
-0.987401
-1.03496
-1.08237
-1.0686
-1.05487
-1.04117
-1.0275
-1.01385
-1.00022
-1.02113
-1.04216
-1.06332
-1.08458
-1.10598
-1.12749
-1.0676
-1.00776
-0.94799
-0.888287
-0.828656
-0.769099
-0.711117
-0.661227
-0.611394
-0.56162
-0.511902
-0.462241
-0.406044
-0.447886
-0.489414
-0.530633
-0.571578
-0.612164
-0.652169
-0.706735
-0.761358
-0.81605
-0.870786
-0.925546
-0.980317
-1.03708
-1.09382
-1.15055
-1.20727
-1.26398
-1.32067
-1.29154
-1.26236
-1.23312
-1.20381
-1.17445
-1.14503
-1.11942
-1.16398
-1.20845
-1.25283
-1.29713
-1.34134
-1.38626
-1.36164
-1.33698
-1.31226
-1.28749
-1.26266
-1.23779
-1.25093
-1.26391
-1.27671
-1.28935
-1.30181
-1.3141
-1.36448
-1.41479
-1.46506
-1.51527
-1.56542
-1.61552
-1.58556
-1.56526
-1.54501
-1.52483
-1.50472
-1.48466
-1.45457
-1.41661
-1.37884
-1.34126
-1.30388
-1.26669
-1.22969
-1.20617
-1.18259
-1.15892
-1.13519
-1.11138
-1.0875
-1.06905
-1.05076
-1.03262
-1.01463
-0.996772
-0.979053
-0.950596
-0.922074
-0.893488
-0.864839
-0.836127
-0.807353
-0.785159
-0.835457
-0.885896
-0.936467
-0.987137
-1.03791
-1.08864
-1.09711
-1.10572
-1.11444
-1.12329
-1.13227
-1.14136
-1.12841
-1.11532
-1.1021
-1.08874
-1.07525
-1.06163
-1.08212
-1.1027
-1.12337
-1.14413
-1.16498
-1.18592
-1.22023
-1.22783
-1.23532
-1.24268
-1.24992
-1.25703
-1.26359
-1.30655
-1.34952
-1.39251
-1.43552
-1.47854
-1.52158
-1.49308
-1.4647
-1.43646
-1.40834
-1.38035
-1.35249
-1.41082
-1.46917
-1.52753
-1.58589
-1.64427
-1.70265
-1.64535
-1.59132
-1.53717
-1.48289
-1.42849
-1.37396
-1.32842
-1.32611
-1.32382
-1.32153
-1.31925
-1.31696
-1.31463
-1.28347
-1.25254
-1.22185
-1.1914
-1.16121
-1.13127
-1.08554
-1.03982
-0.994118
-0.948435
-0.902774
-0.857138
-0.860812
-0.864629
-0.86859
-0.872693
-0.876937
-0.881324
-0.896226
-0.846036
-0.795814
-0.745562
-0.695279
-0.644964
-0.594565
-0.650415
-0.706281
-0.762167
-0.818074
-0.874004
-0.929958
-0.911024
-0.89201
-0.872917
-0.853748
-0.834503
-0.815183
-0.828361
-0.84141
-0.854332
-0.867127
-0.879795
-0.892337
-0.908685
-0.89197
-0.875119
-0.858132
-0.841009
-0.823751
-0.806594
-0.855953
-0.905212
-0.95437
-1.00343
-1.05238
-1.10124
-1.13548
-1.16982
-1.20424
-1.23876
-1.27336
-1.30804
-1.29957
-1.29101
-1.28235
-1.27359
-1.26474
-1.25579
-1.28455
-1.32041
-1.35637
-1.39241
-1.42855
-1.46477
-1.5058
-1.45419
-1.40261
-1.35103
-1.29947
-1.24793
-1.19747
-1.24121
-1.28503
-1.32892
-1.37288
-1.41691
-1.46104
-1.45915
-1.45733
-1.4556
-1.45394
-1.45236
-1.45085
-1.48887
-1.52666
-1.5642
-1.6015
-1.63855
-1.67537
-1.70551
-1.66885
-1.63212
-1.59532
-1.55845
-1.52152
-1.48487
-1.45541
-1.42586
-1.39625
-1.36656
-1.33679
-1.30695
-1.34819
-1.38947
-1.43078
-1.47213
-1.51351
-1.55492
-1.55589
-1.55675
-1.55751
-1.55817
-1.55873
-1.55918
-1.55973
-1.58633
-1.61301
-1.63976
-1.66658
-1.69346
-1.73144
-1.75715
-1.78273
-1.80819
-1.83353
-1.85874
-1.88382
-1.9267
-1.96951
-2.01226
-2.05496
-2.0976
-2.14018
-2.13231
-2.12458
-2.11701
-2.1096
-2.10235
-2.09528
-2.10858
-2.12197
-2.13544
-2.149
-2.16265
-2.17639
-2.18301
-2.22839
-2.2737
-2.31895
-2.36414
-2.40926
-2.45431
-2.43498
-2.41559
-2.39615
-2.37665
-2.35708
-2.33743
-2.30702
-2.27679
-2.24672
-2.21683
-2.1871
-2.15755
-2.11762
-2.07755
-2.03736
-1.99703
-1.95656
-1.91594
-1.86272
-1.85322
-1.84394
-1.83488
-1.82603
-1.8174
-1.80877
-1.75992
-1.71113
-1.66238
-1.61368
-1.56503
-1.51642
-1.48416
-1.45199
-1.41989
-1.38787
-1.35593
-1.32407
-1.29611
-1.26828
-1.24058
-1.21301
-1.18556
-1.15823
-1.16978
-1.19075
-1.21172
-1.2327
-1.25368
-1.27466
-1.27825
-1.27565
-1.273
-1.27031
-1.26758
-1.2648
-1.26199
-1.29163
-1.32128
-1.35095
-1.38064
-1.41033
-1.44003
-1.4566
-1.47306
-1.4894
-1.50563
-1.52175
-1.53775
-1.49294
-1.4482
-1.40352
-1.35892
-1.31438
-1.26992
-1.21988
-1.26469
-1.30936
-1.35389
-1.39832
-1.44272
-1.48674
-1.49808
-1.50934
-1.5205
-1.53158
-1.54258
-1.55348
-1.5569
-1.56041
-1.56401
-1.56769
-1.57145
-1.57531
-1.51294
-1.45055
-1.38813
-1.32569
-1.26321
-1.20071
-1.14489
-1.15994
-1.17488
-1.18969
-1.20438
-1.21895
-1.23347
-1.26682
-1.30034
-1.33405
-1.36794
-1.40202
-1.4363
-1.48678
-1.53725
-1.58771
-1.63816
-1.68859
-1.73901
-1.71999
-1.70113
-1.68245
-1.66393
-1.64559
-1.62741
-1.61234
-1.58149
-1.55065
-1.51982
-1.489
-1.45819
-1.41156
-1.44465
-1.47765
-1.51056
-1.54339
-1.57612
-1.60877
-1.57822
-1.54777
-1.51741
-1.48716
-1.45701
-1.42695
-1.43216
-1.4373
-1.44238
-1.44739
-1.45234
-1.45723
-1.50536
-1.55349
-1.6016
-1.64969
-1.69772
-1.74571
-1.80237
-1.81261
-1.82275
-1.8328
-1.84276
-1.85262
-1.85917
-1.8785
-1.89796
-1.91755
-1.93726
-1.95709
-1.97704
-1.97203
-1.96695
-1.96179
-1.95656
-1.95127
-1.9459
-1.99082
-2.03567
-2.08045
-2.12516
-2.16979
-2.21435
-2.21214
-2.20981
-2.20735
-2.20478
-2.20208
-2.19927
-2.19885
-2.14595
-2.09304
-2.04014
-1.98722
-1.93431
-1.88135
-1.84308
-1.80495
-1.76694
-1.72907
-1.69134
-1.65374
-1.65047
-1.64706
-1.64352
-1.63984
-1.63602
-1.63207
-1.59243
-1.55292
-1.51355
-1.47432
-1.43523
-1.39627
-1.35854
-1.32781
-1.29729
-1.26699
-1.23689
-1.20701
-1.17737
-1.21612
-1.25495
-1.29389
-1.33291
-1.37203
-1.41123
-1.44418
-1.47714
-1.51011
-1.54308
-1.57607
-1.60906
-1.62845
-1.64773
-1.66692
-1.686
-1.70498
-1.72386
-1.69616
-1.63903
-1.58178
-1.52444
-1.46702
-1.40952
-1.3496
-1.28919
-1.22881
-1.16841
-1.108
-1.04761
-0.987243
-1.01399
-1.04082
-1.06771
-1.09467
-1.12171
-1.14881
-1.14625
-1.14375
-1.14132
-1.13895
-1.13666
-1.13446
-1.10769
-1.08109
-1.05467
-1.02841
-1.00232
-0.976402
-0.966556
-1.01686
-1.06711
-1.11732
-1.16748
-1.21759
-1.26758
-1.238
-1.20857
-1.17929
-1.15014
-1.12114
-1.09228
-1.14835
-1.20446
-1.2606
-1.31674
-1.3729
-1.42906
-1.37233
-1.3155
-1.25854
-1.20149
-1.14436
-1.08718
-1.04278
-1.04172
-1.04073
-1.03979
-1.03891
-1.03809
-1.03747
-1.00891
-0.980355
-0.951803
-0.923259
-0.89473
-0.866227
-0.847639
-0.829206
-0.810929
-0.792807
-0.774841
-0.75703
-0.784211
-0.811294
-0.838281
-0.865172
-0.891968
-0.918669
-0.927323
-0.938769
-0.950156
-0.961483
-0.97275
-0.983959
-0.999537
-1.00796
-1.01629
-1.02454
-1.0327
-1.04079
-1.04879
-0.982006
-0.91524
-0.848431
-0.781605
-0.71479
-0.648007
-0.675226
-0.702327
-0.729312
-0.756183
-0.78294
-0.809585
-0.800006
-0.790331
-0.780563
-0.770701
-0.760744
-0.750691
-0.732432
-0.779823
-0.827157
-0.874435
-0.921656
-0.968823
-1.01561
-0.997847
-0.979982
-0.962012
-0.943937
-0.92576
-0.907478
-0.928872
-0.950319
-0.971818
-0.993369
-1.01497
-1.03662
-1.07162
-1.10666
-1.14174
-1.17687
-1.21204
-1.24726
-1.27789
-1.24717
-1.21639
-1.18556
-1.15466
-1.1237
-1.09291
-1.11787
-1.14289
-1.16795
-1.19307
-1.21824
-1.24346
-1.21388
-1.18442
-1.15511
-1.12594
-1.0969
-1.068
-1.10908
-1.15026
-1.19152
-1.23286
-1.27427
-1.31576
-1.29114
-1.28424
-1.27725
-1.27017
-1.26301
-1.25576
-1.25147
-1.28065
-1.31002
-1.33958
-1.36934
-1.39929
-1.4294
-1.38195
-1.33439
-1.28673
-1.23896
-1.19109
-1.14311
-1.17081
-1.19866
-1.22666
-1.25482
-1.28313
-1.31159
-1.36981
-1.42805
-1.48629
-1.54454
-1.6028
-1.66106
-1.70186
-1.64419
-1.58688
-1.52995
-1.4734
-1.41721
-1.3614
-1.39644
-1.43144
-1.46641
-1.50133
-1.53621
-1.57105
-1.55279
-1.53446
-1.51606
-1.49759
-1.47904
-1.46043
-1.49626
-1.5321
-1.56796
-1.60384
-1.63974
-1.67566
-1.71852
-1.6887
-1.65876
-1.62868
-1.59847
-1.56812
-1.53774
-1.54878
-1.55998
-1.57135
-1.58288
-1.59458
-1.60644
-1.62459
-1.64263
-1.66054
-1.67834
-1.69603
-1.71359
-1.69088
-1.66811
-1.64528
-1.62239
-1.59945
-1.57645
-1.57338
-1.57068
-1.56808
-1.5656
-1.56323
-1.56097
-1.55882
-1.51627
-1.47372
-1.43117
-1.38862
-1.34608
-1.30362
-1.33017
-1.3568
-1.38351
-1.4103
-1.43717
-1.46412
-1.43566
-1.40713
-1.37856
-1.34992
-1.32123
-1.29249
-1.34606
-1.39959
-1.45307
-1.50647
-1.55982
-1.61324
-1.66394
-1.60577
-1.54757
-1.48933
-1.43107
-1.37277
-1.31443
-1.27878
-1.24343
-1.20837
-1.17362
-1.13917
-1.10503
-1.08148
-1.05807
-1.0348
-1.01167
-0.988682
-0.965839
-0.925176
-0.884548
-0.843959
-0.803409
-0.762902
-0.722439
-0.679171
-0.701388
-0.723667
-0.746007
-0.76841
-0.790874
-0.813563
-0.797649
-0.781691
-0.76569
-0.749644
-0.733555
-0.717422
-0.740497
-0.76372
-0.787091
-0.81061
-0.834277
-0.858091
-0.824457
-0.790734
-0.756922
-0.723023
-0.689036
-0.654963
-0.699092
-0.756195
-0.813267
-0.870311
-0.927325
-0.984311
-1.03513
-0.987482
-0.939692
-0.891755
-0.843676
-0.795456
-0.747365
-0.800292
-0.853284
-0.906345
-0.959478
-1.01269
-1.06598
-1.02791
-0.990069
-0.952455
-0.91507
-0.877914
-0.840988
-0.77815
-0.715364
-0.652635
-0.589968
-0.527368
-0.464843
-0.4137
-0.466366
-0.519017
-0.571651
-0.624268
-0.676852
-0.729806
-0.669635
-0.609464
-0.549293
-0.48912
-0.428944
-0.368767
-0.396471
-0.424232
-0.452048
-0.479921
-0.507848
-0.535829
-0.486531
-0.437195
-0.387825
-0.33842
-0.288981
-0.23951
-0.186476
-0.20401
-0.221701
-0.239548
-0.25755
-0.275708
-0.293988
-0.259508
-0.225039
-0.190591
-0.156171
-0.121768
-0.0873808
-0.132014
-0.176807
-0.221758
-0.266865
-0.312128
-0.357544
-0.317966
-0.278245
-0.238381
-0.19837
-0.15821
-0.117901
-0.159504
-0.18836
-0.217111
-0.245754
-0.274289
-0.302716
-0.3195
-0.358129
-0.396724
-0.435285
-0.473812
-0.512304
-0.551077
-0.528245
-0.505365
-0.482436
-0.45946
-0.436438
-0.41337
-0.458241
-0.503146
-0.548084
-0.593053
-0.638055
-0.683089
-0.637625
-0.592124
-0.546585
-0.501011
-0.455401
-0.409756
-0.361596
-0.387879
-0.414217
-0.440612
-0.467062
-0.493567
-0.519882
-0.473219
-0.426474
-0.379648
-0.33274
-0.285751
-0.238681
-0.257635
-0.27681
-0.296204
-0.315816
-0.335646
-0.355691
-0.35519
-0.354815
-0.354566
-0.354443
-0.354444
-0.354568
-0.378426
-0.381422
-0.384636
-0.388067
-0.391714
-0.395576
-0.399816
-0.35837
-0.316776
-0.275034
-0.233139
-0.191083
-0.148868
-0.135479
-0.122235
-0.109135
-0.0961758
-0.0833576
-0.0706817
-0.0856551
-0.100696
-0.115804
-0.130979
-0.14622
-0.161527
-0.122032
-0.0676309
-0.0132088
0.0412337
0.0956955
0.150175
0.193077
0.168151
0.143162
0.11811
0.0929975
0.0678236
0.0425248
0.0839336
0.125441
0.167046
0.208749
0.250549
0.292447
0.251831
0.211089
0.170219
0.129225
0.0881081
0.0468685
0.0609952
0.0752586
0.0896579
0.104192
0.118862
0.133665
0.158326
0.112551
0.0666865
0.0207312
-0.025315
-0.0714526
-0.117766
-0.137077
-0.156307
-0.175457
-0.194527
-0.213518
-0.232431
-0.280328
-0.328327
-0.376426
-0.424624
-0.472919
-0.521335
-0.54855
-0.575716
-0.60283
-0.62989
-0.656893
-0.683838
-0.621038
-0.577179
-0.533334
-0.489503
-0.445686
-0.401886
-0.357863
-0.391839
-0.425858
-0.459919
-0.494021
-0.528164
-0.562348
-0.517314
-0.472284
-0.42726
-0.382243
-0.337233
-0.292232
-0.351
-0.409785
-0.468586
-0.527415
-0.586292
-0.645209
-0.597268
-0.585009
-0.572623
-0.560109
-0.547469
-0.534703
-0.530392
-0.565302
-0.600315
-0.635432
