2693
0.398154
0.346087
0.293853
0.269105
0.321236
0.373328
0.425473
0.477863
0.425725
0.478095
0.444185
0.387127
0.330176
0.273272
0.216591
0.273235
0.216677
0.245046
0.273329
0.301531
0.329625
0.357536
0.384975
0.426201
0.467434
0.508547
0.549628
0.590635
0.631531
0.604668
0.577547
0.550077
0.52188
0.546859
0.522965
0.522497
0.546547
0.57067
0.594812
0.619035
0.643318
0.66727
0.670285
0.673425
0.676707
0.680146
0.683785
0.68764
0.640161
0.592673
0.545211
0.497777
0.450354
0.402918
0.420282
0.437595
0.454868
0.472061
0.489175
0.506236
0.461399
0.416509
0.371548
0.326477
0.281264
0.23591
0.192633
0.153923
0.11421
0.0732924
0.0308413
-0.0135873
-0.060933
-0.0747052
-0.0885001
-0.102302
-0.116161
-0.130044
-0.143964
-0.0903064
-0.0367405
0.0167394
0.0701391
0.123464
0.176716
0.193803
0.210899
0.228006
0.245125
0.262255
0.279391
0.297633
0.304964
0.312246
0.319481
0.326669
0.333813
0.340811
0.394514
0.4482
0.50189
0.555586
0.609213
0.662782
0.663464
0.664127
0.664769
0.665392
0.665996
0.666582
0.613088
0.559695
0.506404
0.453215
0.40013
0.34715
0.362403
0.484403
0.606389
0.728357
0.850304
0.972226
1.01689
0.94957
0.882206
0.814818
0.747419
0.680019
0.612629
0.624785
0.636882
0.64892
0.660898
0.672818
0.684679
0.70546
0.727018
0.749377
0.77258
0.79676
0.821919
0.829978
0.778102
0.726181
0.674215
0.622207
0.570166
0.512663
0.536067
0.559721
0.583626
0.607785
0.6322
0.656872
0.66949
0.681911
0.694139
0.706176
0.718025
0.729691
0.664437
0.599456
0.534755
0.470338
0.406211
0.342379
0.289494
0.254574
0.2196
0.184569
0.149477
0.114325
0.0627697
-0.00983661
-0.082477
-0.155148
-0.227848
-0.300575
-0.372918
-0.340343
-0.307383
-0.274037
-0.240305
-0.206186
-0.17168
-0.130792
-0.0884661
-0.0446804
0.000564478
0.0473373
0.0957028
0.0915678
0.0876665
0.0839958
0.0805483
0.0773196
0.0743068
0.0529953
0.0441332
0.0353852
0.0267505
0.0182283
0.00981765
0.00346483
0.0335241
0.064116
0.095234
0.126874
0.159032
0.191707
0.20841
0.227214
0.248121
0.271163
0.296466
0.323871
0.251742
0.179889
0.108312
0.0370121
-0.0340098
-0.104753
-0.154305
-0.186788
-0.219025
-0.251015
-0.28276
-0.31426
-0.345879
-0.2988
-0.251153
-0.202939
-0.154155
-0.104801
-0.0548763
-0.0805364
-0.10585
-0.130822
-0.155457
-0.179761
-0.203739
-0.244996
-0.287035
-0.329992
-0.373817
-0.418505
-0.46408
-0.507219
-0.475726
-0.44391
-0.41177
-0.379305
-0.346516
-0.321051
-0.262728
-0.204291
-0.145742
-0.0870806
-0.0283079
0.0305747
-0.00822963
-0.0467829
-0.0850844
-0.123134
-0.16093
-0.198473
-0.207262
-0.216147
-0.225133
-0.234232
-0.243451
-0.252803
-0.311569
-0.359971
-0.408518
-0.457205
-0.506056
-0.555109
-0.616708
-0.697976
-0.778754
-0.859032
-0.938798
-1.01804
-1.09675
-1.12444
-1.1524
-1.18066
-1.20919
-1.23798
-1.26703
-1.24487
-1.2224
-1.19963
-1.17654
-1.15316
-1.12946
-1.13807
-1.14648
-1.15467
-1.16266
-1.17045
-1.17803
-1.21432
-1.28509
-1.35389
-1.42061
-1.48513
-1.54736
-1.59424
-1.55433
-1.51445
-1.47461
-1.4348
-1.39502
-1.35528
-1.33557
-1.31533
-1.29456
-1.27326
-1.25141
-1.229
-1.2763
-1.32303
-1.3692
-1.41481
-1.45986
-1.50435
-1.56342
-1.64227
-1.72093
-1.79938
-1.87763
-1.95567
-2.02249
-2.03119
-2.03974
-2.04814
-2.0564
-2.06451
-2.07248
-2.04196
-2.01057
-1.97834
-1.94529
-1.9114
-1.87667
-1.87362
-1.87028
-1.86665
-1.86272
-1.8585
-1.85399
-1.85295
-1.83927
-1.82535
-1.81117
-1.79674
-1.78207
-1.76626
-1.72228
-1.67789
-1.63311
-1.58793
-1.54236
-1.49638
-1.46319
-1.42939
-1.39497
-1.35993
-1.32427
-1.28799
-1.27677
-1.26524
-1.25341
-1.24127
-1.22883
-1.21608
-1.2121
-1.17168
-1.13074
-1.08927
-1.04729
-1.00478
-0.95146
-0.982065
-1.01173
-1.04048
-1.06832
-1.0953
-1.12646
-1.09891
-1.06996
-1.03958
-1.00765
-0.974169
-0.939171
-0.937242
-0.935189
-0.933014
-0.930719
-0.928307
-0.925781
-0.924925
-0.899724
-0.874594
-0.849532
-0.824536
-0.799604
-0.779243
-0.7885
-0.797509
-0.806272
-0.814786
-0.823055
-0.844423
-0.850407
-0.856321
-0.862167
-0.867947
-0.873659
-0.879306
-0.909785
-0.940322
-0.970919
-1.00158
-1.03229
-1.06306
-1.07024
-1.07745
-1.08468
-1.09193
-1.09922
-1.10654
-1.14064
-1.09809
-1.05512
-1.01175
-0.967963
-0.923765
-0.875529
-0.898689
-0.921911
-0.945198
-0.968555
-0.99199
-1.01551
-0.974981
-0.934811
-0.895007
-0.855567
-0.816492
-0.77778
-0.789691
-0.801676
-0.813735
-0.82588
-0.838125
-0.850485
-0.867769
-0.845932
-0.823508
-0.800482
-0.776796
-0.752405
-0.727652
-0.672717
-0.61772
-0.562665
-0.507562
-0.452417
-0.397234
-0.440826
-0.484642
-0.52868
-0.572932
-0.617397
-0.662067
-0.631389
-0.60033
-0.568886
-0.53706
-0.504845
-0.472222
-0.431698
-0.396303
-0.360657
-0.32475
-0.288578
-0.252133
-0.217823
-0.183277
-0.14848
-0.113438
-0.0781459
-0.0425965
-0.00678323
0.00997293
0.0269007
0.0439933
0.0612574
0.0786889
0.0962903
0.0815414
0.066509
0.0511206
0.0353044
0.0190195
0.00212419
-0.00496811
0.0458809
0.0958925
0.145016
0.193215
0.240458
0.284131
0.308844
0.333879
0.359263
0.385019
0.411177
0.438924
0.410424
0.382169
0.354157
0.326388
0.298864
0.271585
0.245403
0.218887
0.192041
0.164854
0.137289
0.109298
0.102867
0.0963945
0.0898751
0.0833061
0.0766774
0.0699856
0.0544298
0.111909
0.169105
0.225974
0.282469
0.338536
0.395664
0.437168
0.478323
0.519136
0.559605
0.599728
0.6395
0.660852
0.682378
0.704074
0.725934
0.747965
0.770171
0.791957
0.813303
0.834221
0.854716
0.874794
0.894461
0.928814
0.890156
0.850807
0.810717
0.769849
0.728184
0.688044
0.666094
0.643869
0.621355
0.598538
0.5754
0.551921
0.578927
0.606187
0.633693
0.661448
0.689452
0.717715
0.735069
0.752537
0.770118
0.787814
0.805622
0.823543
0.863626
0.878616
0.893007
0.906822
0.920083
0.932813
0.967856
0.937897
0.909739
0.883364
0.858729
0.835778
0.808769
0.809739
0.810859
0.812125
0.813534
0.815088
0.816788
0.864568
0.91272
0.961234
1.01009
1.05929
1.10879
1.10815
1.10632
1.10286
1.09706
1.0876
1.07187
1.03646
1.04588
1.0552
1.06444
1.07359
1.08266
1.0931
1.09535
1.0979
1.10075
1.10388
1.10731
1.11104
1.09051
1.06999
1.0495
1.02901
1.00854
0.988068
0.964899
0.942136
0.919777
0.897815
0.876252
0.855081
0.796057
0.765216
0.734411
0.703643
0.67291
0.642201
0.631327
0.672746
0.713953
0.754952
0.795751
0.836347
0.87675
0.836009
0.795519
0.755285
0.715312
0.675602
0.636156
0.598182
0.56017
0.522093
0.483955
0.445758
0.407506
0.369982
0.350362
0.330827
0.311373
0.291997
0.2727
0.235243
0.267849
0.301307
0.335653
0.370918
0.40712
0.444237
0.420369
0.396745
0.373365
0.350227
0.32733
0.304676
0.290378
0.276231
0.262226
0.248364
0.234642
0.22106
0.187363
0.204959
0.222847
0.241036
0.259528
0.278331
0.307205
0.374855
0.442578
0.510369
0.578228
0.64616
0.714161
0.679174
0.64424
0.609358
0.574533
0.539765
0.505058
0.464842
0.42456
0.384215
0.343806
0.303334
0.262796
0.291198
0.341525
0.390943
0.439452
0.487056
0.533767
0.478199
0.450541
0.423108
0.3959
0.368918
0.342167
0.344472
0.521485
0.698305
0.874927
1.05135
1.22758
1.40361
1.53965
1.67553
1.81124
1.94678
2.08217
2.2174
2.27312
2.32874
2.38425
2.43965
2.49491
2.55002
2.5777
2.52049
2.4632
2.40582
2.34837
2.29084
2.23424
2.20351
2.17296
2.14259
2.1124
2.08239
2.05256
2.1164
2.17959
2.24212
2.304
2.36524
2.42585
2.43758
2.44846
2.45847
2.46759
2.47582
2.48315
2.39641
2.31556
2.23549
2.1562
2.07769
1.99997
2.00659
2.08055
2.15462
2.22882
2.30315
2.3776
2.45218
2.52919
2.60513
2.67997
2.75373
2.8264
2.89797
2.8713
2.84543
2.82035
2.79604
2.77252
2.74976
2.72269
2.7747
2.82664
2.87847
2.93022
2.98188
3.03599
3.02552
3.01508
3.00464
2.99421
2.98377
2.97332
2.99542
3.01685
3.03758
3.05755
3.07671
3.095
3.00971
2.92453
2.83946
2.75449
2.66964
2.5849
2.33877
2.16772
1.99697
1.82654
1.65645
1.48673
1.69943
1.83866
1.97715
2.1149
2.25191
2.38817
2.57458
2.57392
2.573
2.57182
2.5704
2.56873
2.56681
2.53695
2.50738
2.47811
2.44915
2.42048
2.39211
2.3358
2.27992
2.22446
2.16945
2.11488
2.06074
2.04249
1.99442
1.94618
1.89777
1.84918
1.80042
1.77604
1.65913
1.54221
1.42529
1.30836
1.19144
1.07451
1.15531
1.23595
1.3164
1.39667
1.47676
1.55668
1.61087
1.6646
1.71789
1.7707
1.82305
1.87494
1.91976
1.97904
2.03666
2.0926
2.14687
2.19947
2.13041
2.06178
1.99416
1.92755
1.86195
1.79735
1.73378
1.68667
1.63969
1.59287
1.5462
1.4997
1.45337
1.30402
1.15495
1.00615
0.857605
0.709306
0.561247
0.711166
0.78133
0.851631
0.922069
0.992645
1.06336
1.10279
1.13006
1.15761
1.18542
1.21351
1.24185
1.27045
1.27635
1.28227
1.28821
1.29418
1.30016
1.30617
1.2623
1.21869
1.17536
1.1323
1.08951
1.04701
1.0018
1.06369
1.12566
1.1877
1.24982
1.31201
1.37242
1.32103
1.26963
1.21824
1.16685
1.11546
1.06324
1.06043
1.05763
1.05483
1.05203
1.04922
1.04642
1.02704
1.00604
0.983293
0.95871
0.932111
0.903286
0.926752
0.949513
0.971547
0.99283
1.01334
1.03305
0.974807
0.997769
1.02004
1.04163
1.06254
1.08278
1.16246
1.08776
1.01342
0.939418
0.865771
0.792476
0.71953
0.698402
0.677104
0.655649
0.634047
0.612306
0.590429
0.586344
0.582297
0.578288
0.574312
0.570368
0.566452
0.4872
0.397787
0.308414
0.219087
0.129799
0.040556
-0.00702997
0.0424991
0.0926208
0.143333
0.194642
0.246569
0.299129
0.283944
0.268803
0.253708
0.238653
0.223641
0.208671
0.186811
0.164247
0.14088
0.116581
0.091318
0.0649227
0.0363708
-0.00771811
-0.0516755
-0.0955032
-0.139187
-0.182732
-0.230041
-0.170227
-0.110606
-0.0511769
0.00803913
0.0670144
0.125734
0.114392
0.103086
0.0918063
0.0805536
0.0693316
0.058142
0.0963535
0.135696
0.176414
0.218647
0.262681
0.308875
0.311991
0.28536
0.259049
0.233057
0.207377
0.182018
0.156596
0.134099
0.111786
0.0896668
0.0677299
0.0459808
0.0290385
-0.0115379
-0.051889
-0.0920095
-0.1319
-0.171556
-0.210978
-0.228127
-0.245225
-0.262277
-0.279277
-0.296227
-0.313125
-0.317652
-0.322274
-0.326999
-0.331828
-0.336759
-0.341802
-0.360899
-0.306054
-0.251345
-0.196778
-0.142357
-0.088077
-0.0178285
-0.0560502
-0.0944616
-0.132934
-0.171334
-0.209542
-0.247462
-0.290721
-0.33441
-0.378535
-0.423103
-0.468124
-0.513601
-0.574729
-0.634561
-0.693086
-0.750301
-0.80619
-0.860752
-0.799588
-0.736224
-0.672828
-0.609399
-0.545944
-0.482458
-0.405435
-0.353915
-0.302608
-0.251499
-0.200593
-0.14989
-0.0993913
-0.0955032
-0.0916783
-0.0879148
-0.0842163
-0.0805758
-0.076995
-0.0652573
-0.0536187
-0.0420808
-0.0306419
-0.019297
-0.00804596
0.0328788
0.00634012
-0.0200603
-0.0463121
-0.0724239
-0.0983923
-0.152214
-0.148019
-0.143615
-0.139005
-0.134181
-0.12915
-0.123903
-0.0901756
-0.0568186
-0.0238391
0.00876313
0.040988
0.0728337
0.0583828
0.0438908
0.0293562
0.0147788
0.000148557
-0.0145364
-0.0237434
-0.0356587
-0.047924
-0.0605735
-0.0736397
-0.0871584
-0.107915
-0.0933295
-0.0783252
-0.0628907
-0.0470224
-0.0307119
0.00734758
-0.0388126
-0.0846773
-0.13025
-0.175538
-0.220541
-0.265255
-0.182643
-0.100667
-0.0193192
0.061412
0.141529
0.221034
0.260499
0.29977
0.33886
0.377784
0.416544
0.455155
0.543623
0.591085
0.638494
0.685832
0.733111
0.780322
0.809437
0.785703
0.763194
0.741875
0.721719
0.702692
0.68475
0.672685
0.660272
0.6475
0.634377
0.6209
0.607067
0.593074
0.579253
0.565583
0.552033
0.538555
0.525102
0.541391
0.578937
0.616694
0.654657
0.692837
0.731226
0.720044
0.68433
0.649594
0.615837
0.58305
0.55123
0.520375
0.544198
0.567719
0.590943
0.613872
0.636508
0.658851
0.788569
0.918252
1.04791
1.17754
1.30713
1.43669
1.49258
1.48397
1.47536
1.46675
1.45813
1.4495
1.46759
1.5558
1.64403
1.73227
1.82053
1.90881
1.97584
2.02601
2.07583
2.1253
2.1744
2.22314
2.27153
2.29232
2.3132
2.33411
2.35504
2.37593
2.39676
2.37901
2.36196
2.34563
2.33
2.31508
2.30087
2.30097
2.2911
2.28152
2.27224
2.26323
2.2545
2.26372
2.24494
2.22588
2.20656
2.18701
2.16725
2.14731
2.23612
2.32501
2.41399
2.50305
2.59221
2.68145
2.63144
2.58149
2.53162
2.48181
2.43207
2.3824
2.36086
2.37517
2.38943
2.40363
2.41779
2.43189
2.42025
2.47964
2.53877
2.59762
2.65619
2.71448
2.77248
2.74412
2.71657
2.68982
2.6639
2.63881
2.61457
2.63869
2.6627
2.6866
2.71039
2.73407
2.75763
2.64636
2.64663
2.64798
2.6504
2.65387
2.6584
2.70863
2.68079
2.65303
2.62535
2.59776
2.57025
2.54282
2.55704
2.57113
2.5851
2.59894
2.61266
2.62626
2.58276
2.54039
2.49923
2.45936
2.42089
2.38394
2.41371
2.38882
2.36409
2.33949
2.31504
2.29074
2.25428
2.27897
2.30377
2.32868
2.35367
2.37877
2.40952
2.38088
2.35223
2.32356
2.2949
2.26622
2.23754
2.23652
2.23552
2.23452
2.23352
2.23251
2.2315
2.29751
2.36099
2.42204
2.48075
2.53722
2.59159
2.58086
2.55516
2.53105
2.50853
2.4876
2.46828
2.41601
2.44883
2.48167
2.51451
2.54737
2.58025
2.61313
2.5957
2.57796
2.55993
2.54161
2.52299
2.50408
2.49484
2.48592
2.4773
2.46898
2.46095
2.45322
2.42057
2.38078
2.34066
2.30023
2.25948
2.21839
2.17135
2.22649
2.28134
2.33591
2.39017
2.44413
2.49775
2.4996
2.50108
2.50216
2.5028
2.50299
2.50268
2.50916
2.51558
2.52193
2.52823
2.53446
2.54064
2.49776
2.45275
2.40775
2.36274
2.31775
2.27276
2.23656
2.20241
2.168
2.13334
2.09843
2.06329
2.02791
2.04279
2.05766
2.0725
2.08732
2.1021
2.11685
2.13189
2.14722
2.16285
2.17878
2.19501
2.21153
2.28316
2.35497
2.42684
2.49879
2.5708
2.64289
2.64897
2.61665
2.5854
2.55518
2.52593
2.49762
2.49436
2.48682
2.47932
2.47188
2.46448
2.45713
2.44983
2.48663
2.52337
2.56004
2.59663
2.63314
2.66958
2.7004
2.73077
2.76071
2.79021
2.81929
2.84795
2.88106
2.87568
2.87029
2.86491
2.85953
2.85416
2.83373
2.77808
2.72259
2.66727
2.61213
2.55716
2.50237
2.45967
2.41703
2.37446
2.33195
2.2895
2.24713
2.25275
2.25831
2.26381
2.26925
2.27463
2.27995
2.26642
2.22649
2.18673
2.14713
2.10769
2.06841
2.03566
2.00332
1.9711
1.93899
1.907
1.87513
1.84338
1.80407
1.76493
1.72595
1.68714
1.6485
1.61003
1.60124
1.59243
1.5836
1.57475
1.56588
1.55699
1.55521
1.55067
1.5461
1.54151
1.53689
1.53224
1.52618
1.50981
1.49343
1.47706
1.46068
1.44431
1.42793
1.45222
1.47639
1.50046
1.52441
1.54826
1.572
1.60542
1.6387
1.67182
1.7048
1.73763
1.77031
1.78624
1.76867
1.75127
1.73402
1.71692
1.69997
1.68326
1.66282
1.64328
1.62447
1.60624
1.58844
1.55782
1.53982
1.52264
1.5063
1.4908
1.47616
1.46236
1.44626
1.43098
1.41653
1.40291
1.39012
1.37816
1.39368
1.40916
1.42462
1.44002
1.45539
1.4707
1.48969
1.51964
1.54998
1.58071
1.61185
1.64337
1.61987
1.59127
1.56277
1.53436
1.50604
1.47782
1.44968
1.45267
1.45575
1.45891
1.46216
1.46549
1.46892
1.54921
1.62962
1.71015
1.7908
1.87157
1.95245
2.00744
1.97958
1.95186
1.92427
1.89682
1.86949
1.86204
1.93831
2.01458
2.09085
2.16712
2.24339
2.31966
2.35072
2.38141
2.41172
2.44166
2.47123
2.50042
2.48648
2.47335
2.46095
2.44919
2.438
2.42731
2.48814
2.53424
2.58119
2.62901
2.67768
2.72721
2.69292
2.66551
2.63844
2.6117
2.5853
2.55923
2.53348
2.56842
2.60298
2.63715
2.67094
2.70437
2.73743
2.78177
2.82589
2.8698
2.91353
2.95707
3.00045
3.04687
3.09754
3.14804
3.19839
3.24857
3.2986
3.34755
3.30376
3.26001
3.21631
3.17266
3.12905
3.08857
3.05892
3.02915
2.99927
2.96927
2.93917
2.90894
2.88928
2.87018
2.8516
2.83352
2.81591
2.7987
2.84545
2.89182
2.93783
2.98348
3.02877
3.07369
3.06687
2.98926
2.9126
2.83689
2.76215
2.68836
2.59592
2.61468
2.63337
2.652
2.67055
2.68904
2.70745
2.80179
2.89607
2.99029
3.08445
3.17854
3.27257
3.31091
3.34924
3.38755
3.42583
3.46409
3.50233
3.47318
3.55723
3.64129
3.72539
3.80953
3.89369
3.96921
3.95132
3.93286
3.91383
3.89424
3.87406
3.85329
3.85681
3.85999
3.8628
3.86524
3.8673
3.86895
3.98807
4.10737
4.22688
4.34659
4.46651
4.58664
4.68157
4.73215
4.78259
4.83288
4.88302
4.93299
4.9333
4.95238
4.97092
4.98892
5.00641
5.02341
5.03994
5.15884
5.27774
5.39665
5.51557
5.63449
5.75342
5.67848
5.60368
5.52903
5.45451
5.38014
5.3059
5.25753
5.31762
5.37772
5.43781
5.49791
5.558
5.60498
5.54288
5.48073
5.41853
5.3563
5.29402
5.22483
5.25949
5.29319
5.32581
5.35724
5.38741
5.41623
5.39912
5.38197
5.36479
5.34758
5.33033
5.31305
5.23377
5.15612
5.08011
5.00574
4.93302
4.86195
4.83356
4.84233
4.85107
4.85979
4.86846
4.8771
5.00049
5.13133
5.26208
5.39273
5.52329
5.65376
5.78414
5.75183
5.7198
5.68806
5.65662
5.62547
5.59462
5.53437
5.47417
5.414
5.35385
5.29372
5.2336
5.18386
5.20549
5.22728
5.24922
5.27131
5.29355
5.34631
5.33803
5.32954
5.32088
5.31203
5.30299
5.29377
5.25125
5.20872
5.16619
5.12364
5.0811
5.03855
5.08306
5.12741
5.17162
5.21569
5.2596
5.30337
5.15921
5.01827
4.8785
4.73991
4.6025
4.46628
4.4675
4.48037
4.4932
4.50598
4.51871
4.53139
4.54401
4.5965
4.64918
4.70208
4.75517
4.80845
4.86191
4.93089
5.00012
5.06956
5.13921
5.20907
5.27914
5.3201
5.3166
5.31317
5.3098
5.3065
5.30327
5.29263
5.26111
5.22966
5.19826
5.1669
5.1356
5.11994
5.09986
5.07983
5.05983
5.03988
5.01997
5.00011
4.97168
4.94321
4.9147
4.88616
4.85757
4.82894
4.78281
4.73708
4.69173
4.64677
4.6022
4.55803
4.56229
4.54242
4.52334
4.505
4.48733
4.4703
4.46028
4.56853
4.67689
4.78538
4.894
5.00273
5.11157
5.06326
5.0149
4.9664
4.91775
4.86885
4.8196
4.83362
4.8474
4.86092
4.87419
4.88722
4.9
4.93642
4.91084
4.88536
4.85998
4.83472
4.80955
4.83167
4.82048
4.80906
4.79739
4.78548
4.77332
4.7609
4.70638
4.65197
4.59769
4.54355
4.48955
4.43568
4.39466
4.3537
4.31282
4.272
4.23126
4.19059
4.14049
4.09042
4.04038
3.99037
3.94041
3.89048
3.83554
3.80056
3.76571
3.73099
3.69641
3.66197
3.62766
3.58962
3.55161
3.51362
3.47566
3.43773
3.39983
3.34346
3.28723
3.23115
3.17522
3.11944
3.06382
3.03928
3.01667
2.99411
2.97159
2.94912
2.92668
2.90904
2.86088
2.81273
2.76459
2.71647
2.66837
2.62064
2.60071
2.58079
2.56087
2.54095
2.52103
2.50112
2.45977
2.41852
2.37737
2.33632
2.29538
2.25457
2.212
2.16956
2.12727
2.0851
2.04304
2.00108
1.99061
1.96668
1.9427
1.91869
1.89464
1.87056
1.84194
1.80831
1.77439
1.74015
1.70562
1.67077
1.63563
1.66894
1.7024
1.73603
1.76982
1.80377
1.83786
2.00498
2.17205
2.33907
2.50604
2.67296
2.83984
2.81733
2.82887
2.84085
2.85323
2.86597
2.87905
3.01826
3.09294
3.16728
3.24129
3.31495
3.38829
3.46129
3.42015
3.37896
3.33769
3.29633
3.25484
3.21325
3.22082
3.22852
3.23634
3.2443
3.25238
3.26059
3.33941
3.30777
3.27641
3.24534
3.21457
3.18412
3.15199
3.11835
3.0846
3.05079
3.01698
2.98322
2.94955
2.96671
2.98403
3.00151
3.01914
3.03694
3.05489
3.01051
2.96628
2.9222
2.87827
2.83449
2.79087
2.77367
2.83952
2.90538
2.97126
3.03714
3.10304
3.17408
3.1485
3.12283
3.09707
3.07122
3.04529
3.00452
3.01015
3.01712
3.02527
3.03451
3.04466
3.05561
3.18821
3.32035
3.45202
3.58322
3.71396
3.84423
3.84865
3.85308
3.8575
3.8619
3.8663
3.8707
3.89665
3.8895
3.8824
3.87536
3.86839
3.86149
3.88881
3.84883
3.809
3.76934
3.72984
3.69049
3.65131
3.63273
3.61434
3.59613
3.57811
3.56028
3.54263
3.52433
3.5061
3.48796
3.46989
3.4519
3.43399
3.41439
3.38659
3.35891
3.33133
3.30386
3.27651
3.26588
3.24299
3.22002
3.19697
3.17385
3.15066
3.1274
3.15987
3.19161
3.22261
3.2529
3.28248
3.31135
3.39559
3.4799
3.56432
3.64882
3.73341
3.81809
3.88066
3.90766
3.9351
3.963
3.99135
4.02015
4.02417
4.05268
4.08111
4.10945
4.13772
4.1659
4.19401
4.11637
4.03888
3.96154
3.88435
3.8073
3.73041
3.81606
3.90154
3.98685
4.072
4.15697
4.24176
4.27573
4.30107
4.32645
4.35186
4.3773
4.40277
4.43203
4.40501
4.37814
4.3514
4.32479
4.29831
4.29431
4.31326
4.32952
4.34371
4.35658
4.36894
4.38153
4.34719
4.31426
4.28276
4.25268
4.22402
4.19678
4.27959
4.36248
4.44547
4.52856
4.61173
4.69499
4.7022
4.70196
4.70172
4.70147
4.70123
4.70098
4.75694
4.71325
4.66979
4.62655
4.58355
4.54079
4.49825
4.47103
4.444
4.41715
4.3905
4.36403
4.33776
4.32479
4.31193
4.29917
4.28651
4.27395
4.26149
4.23627
4.2446
4.25304
4.26158
4.27021
4.27891
4.28806
4.29706
4.30595
4.31473
4.32336
4.33184
4.34015
4.40148
4.46307
4.52494
4.58708
4.64948
4.71216
4.70351
4.69507
4.68683
4.67881
4.67099
4.66338
4.63339
4.63675
4.64003
4.64324
4.64637
4.64943
4.66055
4.63638
4.6126
4.58921
4.56619
4.54354
4.52876
4.5067
4.48467
4.46267
4.4407
4.41876
4.39685
4.33998
4.28315
4.22634
4.16957
4.11284
4.05613
4.03409
4.01214
3.99026
3.96846
3.94674
3.9251
3.93018
3.95293
3.97549
3.99787
4.02006
4.04207
4.06734
4.06461
4.06201
4.05955
4.05721
4.05502
4.05297
4.10087
4.14924
4.19807
4.24738
4.29716
4.34742
4.30065
4.25422
4.20811
4.16234
4.1169
4.07179
3.99601
3.92313
3.8503
3.7775
3.70475
3.63204
3.61111
3.57949
3.54787
3.51625
3.48465
3.45304
3.42145
3.39201
3.36304
3.33453
3.30648
3.27891
3.2518
3.21285
3.17415
3.13567
3.09743
3.05943
3.02166
2.96895
2.91692
2.86492
2.81294
2.76099
2.70907
2.67532
2.63452
2.59369
2.55282
2.51192
2.47098
2.43001
2.38844
2.34747
2.30716
2.26755
2.22868
2.19057
2.24338
2.2957
2.34754
2.39891
2.44984
2.50033
2.50972
2.55792
2.59945
2.63487
2.66491
2.69032
2.70897
2.77847
2.84811
2.91788
2.98778
3.05782
3.06791
3.03457
3.00133
2.96817
2.93512
2.90215
2.86927
2.83244
2.79572
2.75912
2.72263
2.68625
2.64998
2.62309
2.59602
2.56876
2.54131
2.51368
2.48585
2.45933
2.42649
2.39378
2.36121
2.32878
2.2965
2.25589
2.22225
2.18882
2.1556
2.12258
2.08977
2.05717
2.0504
2.04363
2.03687
2.03011
2.02335
2.01659
1.98384
1.95098
1.91801
1.88493
1.85172
1.81841
1.767
1.72013
1.67339
1.62679
1.58033
1.53401
1.49677
1.45976
1.42244
1.38479
1.34681
1.30849
1.26985
1.2287
1.18763
1.14663
1.10573
1.06492
1.0242
1.03761
1.0507
1.06349
1.07598
1.08816
1.10003
1.10886
1.09545
1.08201
1.06855
1.05507
1.04157
1.02669
0.999339
0.97184
0.944235
0.916542
0.888758
0.866364
0.852143
0.837905
0.823642
0.809353
0.795035
0.780688
0.742848
0.704685
0.666197
0.62738
0.588229
0.548741
0.576904
0.604967
0.632929
0.660791
0.688553
0.716216
0.651532
0.567264
0.48259
0.397516
0.31204
0.226165
0.147676
0.0689128
-0.00952982
-0.0876536
-0.165462
-0.242954
-0.320133
-0.332505
-0.344774
-0.356938
-0.368998
-0.380956
-0.39281
-0.392211
-0.391611
-0.391011
-0.390412
-0.389813
-0.389214
-0.360293
-0.341184
-0.321569
-0.301418
-0.280724
-0.259434
-0.247501
-0.198731
-0.150126
-0.101683
-0.0534031
-0.0052951
0.0426353
0.0156902
-0.0111951
-0.0380207
-0.0647856
-0.0914904
-0.118135
-0.116682
-0.115258
-0.113873
-0.112536
-0.111256
-0.110041
-0.108573
-0.13549
-0.162154
-0.188564
-0.214722
-0.240629
-0.262305
-0.278849
-0.295058
-0.310939
-0.326497
-0.341736
-0.356663
-0.312733
-0.268608
-0.224289
-0.179771
-0.135053
-0.0901368
-0.113848
-0.137498
-0.161088
-0.184618
-0.208088
-0.231498
-0.245352
-0.260071
-0.275417
-0.290817
-0.305746
-0.319754
-0.380194
-0.332214
-0.284656
-0.237524
-0.190823
-0.144554
-0.0624023
-0.079877
-0.0966122
-0.112617
-0.127909
-0.142505
-0.156411
-0.142054
-0.12758
-0.112988
-0.0982805
-0.0834547
-0.0685124
-0.116425
-0.164333
-0.212237
-0.260134
-0.308025
-0.355911
-0.399441
-0.45005
-0.500553
-0.550953
-0.601249
-0.651437
-0.702719
-0.709789
-0.716769
-0.723671
-0.7305
-0.737261
-0.743966
-0.797642
-0.851341
-0.905062
-0.958806
-1.01258
-1.06637
-1.07882
-1.09117
-1.10341
-1.11555
-1.12759
-1.13953
-1.14641
-1.17844
-1.21016
-1.24136
-1.27184
-1.30146
-1.31981
-1.23227
-1.14502
-1.05808
-0.971451
-0.885149
-0.799192
-0.818616
-0.837566
-0.856045
-0.874055
-0.891598
-0.908676
-0.827684
-0.746552
-0.66528
-0.583868
-0.50232
-0.420632
-0.431565
-0.458271
-0.484517
-0.5103
-0.535615
-0.560462
-0.567967
-0.577845
-0.587641
-0.597357
-0.606994
-0.616551
-0.626031
-0.603001
-0.579703
-0.556138
-0.532307
-0.508215
-0.483861
-0.52201
-0.56091
-0.600533
-0.640878
-0.681951
-0.723744
-0.650931
-0.535105
-0.419808
-0.305038
-0.190799
-0.0770881
-0.0947749
-0.200465
-0.308517
-0.4189
-0.531594
-0.646553
-0.763428
-0.750465
-0.737222
-0.723696
-0.709884
-0.695791
-0.681417
-0.686485
-0.691538
-0.696591
-0.701644
-0.706697
-0.711747
-0.721488
-0.710315
-0.699057
-0.687719
-0.676298
-0.664792
-0.660228
-0.623752
