2693
-0.000326744
-0.000672483
-0.00103917
-0.00177066
-0.00205282
-0.00231418
-0.00255507
-0.00277721
-0.00336584
-0.00358754
-0.00470549
-0.0054105
-0.006119
-0.00683042
-0.00754099
-0.00831527
-0.00807524
-0.00807111
-0.00809163
-0.00813699
-0.00820734
-0.00830278
-0.00842339
-0.00751983
-0.00658661
-0.00562457
-0.00463283
-0.00361148
-0.00256053
-0.0032393
-0.00389459
-0.00452504
-0.00512809
-0.00478508
-0.00540902
-0.00483064
-0.00429378
-0.0037354
-0.00315675
-0.00255661
-0.00193558
-0.00399324
-0.00730988
-0.0106287
-0.0139498
-0.0172719
-0.0205965
-0.0328212
-0.0440149
-0.0552335
-0.0664771
-0.0777458
-0.0890394
-0.100358
-0.116967
-0.133593
-0.150236
-0.166894
-0.183568
-0.200258
-0.216537
-0.232844
-0.249177
-0.265538
-0.281926
-0.29834
-0.315047
-0.331996
-0.348919
-0.365815
-0.382685
-0.39953
-0.423655
-0.447852
-0.472062
-0.496285
-0.520521
-0.54477
-0.569031
-0.599745
-0.63044
-0.661115
-0.69177
-0.722404
-0.753017
-0.790704
-0.828406
-0.866123
-0.903856
-0.941604
-0.979368
-1.02198
-1.06462
-1.10727
-1.14993
-1.19259
-1.23526
-1.27999
-1.3245
-1.36904
-1.41359
-1.45817
-1.50276
-1.54737
-1.59882
-1.65027
-1.70172
-1.75318
-1.80462
-1.85607
-1.9089
-1.96171
-2.01449
-2.06725
-2.11999
-2.1727
-2.22158
-2.27027
-2.31893
-2.36756
-2.41615
-2.46472
-2.5357
-2.60637
-2.67707
-2.74781
-2.81858
-2.88939
-2.96022
-3.02
-3.07979
-3.1396
-3.19943
-3.25928
-3.31914
-3.37919
-3.43923
-3.49925
-3.55926
-3.61926
-3.67924
-3.74867
-3.81853
-3.88844
-3.95837
-4.02834
-4.09834
-4.15801
-4.21747
-4.27694
-4.33639
-4.39584
-4.45528
-4.51471
-4.59463
-4.67457
-4.75453
-4.8345
-4.9145
-4.99452
-5.10955
-5.22459
-5.33964
-5.45469
-5.56975
-5.68481
-5.77258
-5.86027
-5.948
-6.03577
-6.12358
-6.21142
-6.30506
-6.39884
-6.49267
-6.58656
-6.68051
-6.77451
-6.87455
-6.97371
-7.07286
-7.17198
-7.27108
-7.37015
-7.46921
-7.55434
-7.63944
-7.72451
-7.80955
-7.89456
-7.97954
-8.07563
-8.17169
-8.26773
-8.36376
-8.45977
-8.55576
-8.63691
-8.71804
-8.79916
-8.88028
-8.96138
-9.04248
-9.14133
-9.24207
-9.34282
-9.44358
-9.54435
-9.64513
-9.74593
-9.8344
-9.92293
-10.0115
-10.1001
-10.1888
-10.2776
-10.3933
-10.509
-10.6247
-10.7404
-10.8562
-10.9719
-11.0777
-11.1835
-11.2893
-11.395
-11.5007
-11.6064
-11.7206
-11.8352
-11.9498
-12.0644
-12.1789
-12.2934
-12.4079
-12.5077
-12.6076
-12.7074
-12.8072
-12.907
-13.0068
-13.1178
-13.2288
-13.3398
-13.4508
-13.5618
-13.6728
-13.7615
-13.8503
-13.9391
-14.0278
-14.1165
-14.2051
-14.3135
-14.4216
-14.5297
-14.6378
-14.7459
-14.854
-14.9621
-15.0887
-15.2153
-15.3418
-15.4683
-15.5948
-15.7212
-15.806
-15.8908
-15.9756
-16.0603
-16.145
-16.2296
-16.3472
-16.4649
-16.5826
-16.7005
-16.8184
-16.9364
-17.0503
-17.1635
-17.2768
-17.3901
-17.5034
-17.6168
-17.7301
-17.8371
-17.9441
-18.051
-18.1579
-18.2647
-18.3714
-18.4723
-18.5731
-18.6739
-18.7746
-18.8753
-18.9759
-19.0754
-19.1749
-19.2744
-19.3739
-19.4735
-19.573
-19.6719
-19.7692
-19.8664
-19.9635
-20.0605
-20.1574
-20.2918
-20.4262
-20.5605
-20.6949
-20.8292
-20.9636
-21.098
-21.194
-21.2899
-21.3859
-21.4818
-21.5777
-21.6736
-21.7991
-21.9245
-22.0499
-22.1752
-22.3005
-22.4258
-22.5381
-22.6513
-22.7646
-22.8778
-22.9911
-23.1044
-23.2053
-23.3047
-23.4041
-23.5035
-23.6029
-23.7023
-23.8017
-23.9088
-24.0159
-24.1229
-24.23
-24.337
-24.444
-24.5414
-24.6389
-24.7364
-24.8339
-24.9314
-25.0289
-25.1145
-25.2
-25.2855
-25.371
-25.4566
-25.5421
-25.6261
-25.7094
-25.7926
-25.8758
-25.9591
-26.0423
-26.1254
-26.2397
-26.354
-26.4683
-26.5826
-26.6968
-26.8111
-26.8871
-26.9631
-27.0391
-27.1151
-27.1911
-27.2671
-27.376
-27.4844
-27.5928
-27.7012
-27.8096
-27.918
-28.0087
-28.0983
-28.1879
-28.2775
-28.367
-28.4565
-28.5363
-28.6227
-28.7092
-28.7957
-28.8822
-28.9686
-29.0551
-29.1395
-29.224
-29.3085
-29.3929
-29.4774
-29.5618
-29.6518
-29.7418
-29.8318
-29.9219
-30.0119
-30.102
-30.1992
-30.2976
-30.3961
-30.4947
-30.5932
-30.6917
-30.7677
-30.8314
-30.8951
-30.9589
-31.0226
-31.0862
-31.1499
-31.225
-31.3001
-31.3752
-31.4503
-31.5253
-31.6004
-31.6863
-31.7722
-31.8581
-31.9439
-32.0298
-32.1155
-32.197
-32.278
-32.3591
-32.4401
-32.5211
-32.6021
-32.6886
-32.7742
-32.8598
-32.9454
-33.0311
-33.1167
-33.2024
-33.272
-33.3415
-33.411
-33.4806
-33.5502
-33.6198
-33.683
-33.7464
-33.8097
-33.873
-33.9363
-33.9997
-34.0592
-34.1186
-34.1781
-34.2375
-34.2969
-34.3563
-34.4285
-34.5003
-34.572
-34.6437
-34.7154
-34.7871
-34.8587
-34.9057
-34.9527
-34.9996
-35.0466
-35.0935
-35.1404
-35.2023
-35.2642
-35.326
-35.3879
-35.4497
-35.5115
-35.5568
-35.602
-35.6473
-35.6925
-35.7376
-35.7827
-35.8337
-35.8845
-35.9354
-35.9862
-36.037
-36.0878
-36.1385
-36.1744
-36.2104
-36.2463
-36.2823
-36.3182
-36.3541
-36.3976
-36.4412
-36.4848
-36.5284
-36.572
-36.6157
-36.6468
-36.6778
-36.7089
-36.7399
-36.771
-36.8022
-36.8379
-36.8731
-36.9084
-36.9436
-36.9789
-37.0141
-37.0507
-37.0868
-37.1228
-37.1587
-37.1947
-37.2306
-37.2665
-37.3066
-37.3467
-37.3868
-37.4269
-37.467
-37.5071
-37.5736
-37.6401
-37.7066
-37.7731
-37.8396
-37.9062
-37.944
-37.982
-38.02
-38.0579
-38.0959
-38.1339
-38.1737
-38.2151
-38.2565
-38.2979
-38.3393
-38.3808
-38.4223
-38.4612
-38.5001
-38.539
-38.5779
-38.6168
-38.6556
-38.7072
-38.7587
-38.8103
-38.8619
-38.9135
-38.9651
-39.008
-39.0497
-39.0916
-39.1334
-39.1753
-39.2173
-39.2686
-39.3197
-39.3709
-39.4221
-39.4733
-39.5245
-39.5757
-39.6331
-39.6905
-39.7479
-39.8053
-39.8626
-39.9199
-39.9775
-40.035
-40.0925
-40.15
-40.2075
-40.2649
-40.3286
-40.3924
-40.4563
-40.5202
-40.5841
-40.648
-40.7131
-40.7781
-40.843
-40.908
-40.9729
-41.0378
-41.0969
-41.1639
-41.2311
-41.2983
-41.3655
-41.4327
-41.4999
-41.5659
-41.6319
-41.6979
-41.764
-41.83
-41.8961
-41.9729
-42.0497
-42.1265
-42.2033
-42.2801
-42.3569
-42.4419
-42.5284
-42.6148
-42.7012
-42.7876
-42.874
-42.9619
-43.0652
-43.1688
-43.2723
-43.3759
-43.4795
-43.5831
-43.6563
-43.7295
-43.8028
-43.876
-43.9493
-44.0225
-44.1327
-44.2428
-44.3528
-44.4628
-44.5728
-44.6828
-44.7635
-44.8431
-44.9228
-45.0026
-45.0825
-45.1624
-45.2688
-45.3762
-45.4835
-45.5909
-45.6982
-45.8055
-45.9129
-46.0179
-46.123
-46.2281
-46.3331
-46.4381
-46.5431
-46.6119
-46.6808
-46.7496
-46.8185
-46.8873
-46.9562
-47.0514
-47.1465
-47.2415
-47.3366
-47.4317
-47.5268
-47.6191
-47.7115
-47.8039
-47.8962
-47.9886
-48.081
-48.1735
-48.2802
-48.387
-48.4938
-48.6007
-48.7076
-48.8146
-48.9293
-49.0439
-49.1586
-49.2733
-49.3879
-49.5026
-49.5854
-49.6681
-49.7507
-49.8334
-49.916
-49.9985
-50.1024
-50.2064
-50.3103
-50.4142
-50.5181
-50.6219
-50.7257
-50.8419
-50.9581
-51.0743
-51.1905
-51.3067
-51.4228
-51.5371
-51.6513
-51.7655
-51.8797
-51.9939
-52.1081
-52.237
-52.3663
-52.4958
-52.6255
-52.7555
-52.8856
-53.0019
-53.1193
-53.2366
-53.3542
-53.4719
-53.5897
-53.7284
-53.6408
-53.5531
-53.4652
-53.3771
-53.2888
-53.2002
-53.1992
-53.1983
-53.1974
-53.1965
-53.1958
-53.195
-53.3259
-53.4567
-53.5876
-53.7186
-53.8495
-53.9805
-54.1752
-54.3701
-54.565
-54.7598
-54.9545
-55.1492
-55.2424
-55.3324
-55.4226
-55.5129
-55.6032
-55.6936
-55.784
-55.9131
-56.0421
-56.1711
-56.3002
-56.4293
-56.5583
-56.7227
-56.8872
-57.0519
-57.2168
-57.3818
-57.547
-57.662
-57.7771
-57.8924
-58.0079
-58.1238
-58.2399
-58.2822
-58.322
-58.3618
-58.4016
-58.4412
-58.4808
-58.5204
-58.6914
-58.8626
-59.0338
-59.205
-59.3763
-59.5476
-59.6942
-59.8406
-59.987
-60.1334
-60.2797
-60.426
-60.5195
-60.6124
-60.7054
-60.7984
-60.8914
-60.9845
-61.0914
-61.1946
-61.2979
-61.4012
-61.5045
-61.6078
-61.7111
-61.8021
-61.893
-61.9839
-62.0747
-62.1656
-62.2564
-62.2524
-62.2482
-62.2439
-62.2395
-62.235
-62.2304
-62.4661
-62.7016
-62.9362
-63.1698
-63.4025
-63.6342
-63.5405
-63.4442
-63.3472
-63.2493
-63.1506
-63.0511
-62.9861
-63.1693
-63.3525
-63.5357
-63.719
-63.9024
-64.0858
-64.1451
-64.2043
-64.2635
-64.3226
-64.3816
-64.4406
-64.6012
-64.7618
-64.9223
-65.0828
-65.2433
-65.4037
-65.3443
-65.2828
-65.2214
-65.16
-65.0986
-65.0373
-64.9924
-65.0838
-65.1752
-65.2666
-65.358
-65.4493
-65.5407
-65.6661
-65.7916
-65.9171
-66.0427
-66.1684
-66.2941
-66.4623
-66.6309
-66.7997
-66.9688
-67.1381
-67.3077
-67.5835
-67.8596
-68.136
-68.4129
-68.6901
-68.9678
-69.1152
-69.2589
-69.4032
-69.548
-69.6934
-69.8391
-69.9853
-69.9667
-69.9479
-69.9292
-69.9104
-69.8916
-69.8728
-69.9234
-69.9728
-70.0213
-70.0687
-70.1151
-70.1605
-70.1934
-70.2263
-70.2591
-70.2917
-70.3242
-70.3565
-70.338
-70.3193
-70.3005
-70.2816
-70.2626
-70.2435
-70.2243
-70.2315
-70.2386
-70.2457
-70.2528
-70.2599
-70.267
-70.321
-70.3749
-70.429
-70.4829
-70.5369
-70.5909
-70.6471
-70.7035
-70.7599
-70.8163
-70.8727
-70.9291
-70.9848
-71.0407
-71.0965
-71.1523
-71.2081
-71.2639
-71.3192
-71.3639
-71.4087
-71.4534
-71.4982
-71.5429
-71.5877
-71.6707
-71.7535
-71.8364
-71.9192
-72.002
-72.0848
-72.075
-72.0657
-72.0568
-72.0484
-72.0405
-72.033
-71.9697
-71.9068
-71.8438
-71.7808
-71.718
-71.6551
-71.637
-71.7739
-71.9112
-72.0487
-72.1864
-72.3242
-72.4623
-72.5596
-72.6571
-72.7546
-72.8524
-72.9503
-73.0483
-73.0285
-73.0084
-72.9883
-72.9682
-72.9481
-72.9279
-72.9658
-73.003
-73.0404
-73.0778
-73.1152
-73.1527
-73.2003
-73.2479
-73.2955
-73.343
-73.3906
-73.4381
-73.4856
-73.5312
-73.5766
-73.6219
-73.6673
-73.7127
-73.758
-73.7903
-73.8228
-73.8553
-73.8879
-73.9204
-73.953
-73.9895
-74.0257
-74.0619
-74.0981
-74.1343
-74.1706
-74.2103
-74.25
-74.2898
-74.3295
-74.3693
-74.4091
-74.4489
-74.4958
-74.5426
-74.5894
-74.6362
-74.683
-74.7298
-74.7748
-74.82
-74.8651
-74.9102
-74.9554
-75.0004
-75.0557
-75.1108
-75.166
-75.221
-75.2761
-75.3312
-75.3837
-75.4361
-75.4886
-75.541
-75.5935
-75.6459
-75.7015
-75.7628
-75.8241
-75.8854
-75.9467
-76.0079
-76.0691
-76.1387
-76.2083
-76.2778
-76.3474
-76.4169
-76.4864
-76.5399
-76.5936
-76.6473
-76.7009
-76.7546
-76.8082
-76.8761
-76.9441
-77.012
-77.0798
-77.1476
-77.2154
-77.2944
-77.375
-77.4557
-77.5364
-77.6172
-77.6981
-77.779
-77.8195
-77.8598
-77.8999
-77.9399
-77.9797
-78.0194
-78.1638
-78.3091
-78.455
-78.6015
-78.7487
-78.8965
-79.0014
-79.1063
-79.211
-79.3157
-79.4204
-79.5251
-79.6385
-79.752
-79.8655
-79.979
-80.0924
-80.2058
-80.3192
-80.3491
-80.3788
-80.4083
-80.4378
-80.4671
-80.4963
-80.5767
-80.657
-80.7372
-80.8175
-80.8978
-80.9781
-81.0714
-81.1646
-81.2579
-81.3511
-81.4443
-81.5375
-81.6322
-81.7267
-81.8214
-81.9162
-82.0109
-82.1056
-82.2003
-82.2983
-82.3961
-82.4939
-82.5918
-82.6897
-82.7876
-82.8948
-83.0023
-83.1097
-83.2172
-83.3246
-83.4321
-83.5663
-83.7006
-83.8349
-83.9693
-84.1039
-84.2384
-84.3139
-84.3893
-84.4645
-84.5397
-84.6149
-84.6901
-84.7798
-84.9424
-85.1054
-85.2684
-85.4315
-85.5946
-85.7579
-85.8287
-85.8996
-85.9707
-86.0418
-86.113
-86.1844
-86.3299
-86.4753
-86.6207
-86.766
-86.9114
-87.0568
-87.1287
-87.2004
-87.272
-87.3436
-87.4151
-87.4865
-87.5964
-87.7076
-87.8186
-87.9296
-88.0406
-88.1516
-88.2626
-88.3823
-88.502
-88.6217
-88.7414
-88.8611
-88.9809
-89.0813
-89.182
-89.2827
-89.3835
-89.4843
-89.5853
-89.6726
-89.7595
-89.8465
-89.9334
-90.0202
-90.107
-90.3174
-90.5265
-90.7361
-90.9457
-91.1556
-91.3655
-91.5756
-91.697
-91.8185
-91.9398
-92.0612
-92.1826
-92.304
-92.3837
-92.4631
-92.5424
-92.6217
-92.7009
-92.78
-92.7988
-92.8171
-92.8355
-92.854
-92.8724
-92.8908
-93.016
-93.1427
-93.2692
-93.3958
-93.5223
-93.6489
-93.7625
-93.8877
-94.013
-94.1382
-94.2634
-94.3886
-94.5138
-94.5728
-94.6322
-94.6917
-94.7514
-94.8113
-94.8713
-95.0174
-95.1633
-95.3092
-95.455
-95.6008
-95.7466
-95.8462
-95.9424
-96.0387
-96.1349
-96.2311
-96.3272
-96.4335
-96.5387
-96.6439
-96.7491
-96.8544
-96.9597
-97.0651
-97.1314
-97.1975
-97.2635
-97.3295
-97.3953
-97.4611
-97.51
-97.5592
-97.6085
-97.6578
-97.7072
-97.7567
-97.8914
-98.0274
-98.1633
-98.2992
-98.4352
-98.5712
-98.6894
-98.805
-98.9207
-99.0364
-99.152
-99.2676
-99.3832
-99.436
-99.4889
-99.5418
-99.5947
-99.6476
-99.7006
-99.7333
-99.7661
-99.799
-99.8321
-99.8654
-99.8988
-100.111
-100.323
-100.535
-100.748
-100.961
-101.174
-101.289
-101.401
-101.514
-101.627
-101.74
-101.852
-101.965
-102.107
-102.248
-102.39
-102.531
-102.673
-102.815
-102.978
-103.142
-103.306
-103.47
-103.634
-103.798
-103.883
-103.967
-104.051
-104.135
-104.219
-104.303
-104.397
-104.489
-104.581
-104.672
-104.764
-104.856
-104.95
-105.034
-105.118
-105.202
-105.286
-105.37
-105.454
-105.539
-105.625
-105.71
-105.796
-105.881
-105.967
-106.034
-106.102
-106.169
-106.237
-106.305
-106.373
-106.604
-106.84
-107.076
-107.312
-107.549
-107.785
-108.002
-108.057
-108.112
-108.166
-108.221
-108.276
-108.33
-108.386
-108.442
-108.497
-108.552
-108.608
-108.663
-108.757
-108.851
-108.944
-109.038
-109.132
-109.225
-109.337
-109.45
-109.564
-109.678
-109.792
-109.905
-109.979
-110.053
-110.127
-110.2
-110.274
-110.348
-110.422
-110.509
-110.595
-110.682
-110.769
-110.855
-110.942
-111.016
-111.089
-111.163
-111.237
-111.311
-111.384
-111.447
-111.51
-111.572
-111.635
-111.698
-111.761
-111.812
-111.864
-111.916
-111.968
-112.019
-112.071
-112.123
-112.154
-112.185
-112.216
-112.248
-112.279
-112.311
-112.407
-112.502
-112.598
-112.693
-112.789
-112.884
-112.924
-112.964
-113.004
-113.044
-113.083
-113.122
-113.123
-113.124
-113.126
-113.127
-113.129
-113.13
-113.146
-113.197
-113.248
-113.299
-113.35
-113.401
-113.452
-113.426
-113.4
-113.375
-113.349
-113.323
-113.297
-113.36
-113.424
-113.487
-113.55
-113.614
-113.677
-113.713
-113.749
-113.785
-113.821
-113.856
-113.892
-113.919
-113.96
-114.001
-114.042
-114.083
-114.124
-114.165
-114.196
-114.228
-114.26
-114.292
-114.324
-114.356
-114.399
-114.442
-114.485
-114.528
-114.571
-114.614
-114.651
-114.687
-114.723
-114.759
-114.795
-114.831
-114.878
-114.926
-114.973
-115.021
-115.068
-115.115
-115.163
-115.199
-115.235
-115.271
-115.307
-115.343
-115.379
-115.431
-115.482
-115.534
-115.585
-115.637
-115.689
-115.737
-115.785
-115.834
-115.882
-115.93
-115.979
-116.023
-116.067
-116.11
-116.154
-116.198
-116.242
-116.286
-116.336
-116.386
-116.436
-116.485
-116.535
-116.585
-116.645
-116.705
-116.766
-116.826
-116.886
-116.946
-116.992
-117.039
-117.085
-117.132
-117.178
-117.225
-117.347
-117.469
-117.591
-117.713
-117.835
-117.957
-118.07
-118.228
-118.385
-118.543
-118.701
-118.859
-119.017
-119.224
-119.431
-119.638
-119.846
-120.053
-120.261
-120.305
-120.349
-120.393
-120.437
-120.482
-120.526
-120.642
-120.761
-120.879
-120.997
-121.115
-121.233
-121.317
-121.387
-121.457
-121.527
-121.597
-121.667
-121.737
-121.83
-121.923
-122.015
-122.108
-122.201
-122.293
-122.366
-122.439
-122.512
-122.585
-122.658
-122.731
-122.823
-122.915
-123.008
-123.1
-123.192
-123.285
-123.386
-123.487
-123.588
-123.688
-123.789
-123.89
-123.99
-124.094
-124.197
-124.3
-124.404
-124.507
-124.611
-124.679
-124.747
-124.815
-124.884
-124.952
-125.021
-125.147
-125.272
-125.396
-125.521
-125.644
-125.768
-125.819
-125.87
-125.921
-125.972
-126.023
-126.074
-126.125
-126.181
-126.236
-126.292
-126.348
-126.403
-126.459
-126.652
-126.845
-127.039
-127.232
-127.425
-127.618
-127.66
-127.703
-127.745
-127.787
-127.829
-127.872
-127.995
-128.117
-128.239
-128.361
-128.483
-128.606
-128.73
-128.845
-128.96
-129.075
-129.191
-129.306
-129.421
-129.516
-129.611
-129.706
-129.801
-129.896
-129.991
-130.103
-130.216
-130.329
-130.442
-130.555
-130.668
-130.862
-131.054
-131.246
-131.438
-131.631
-131.823
-132.003
-132.098
-132.194
-132.289
-132.384
-132.479
-132.575
-132.662
-132.75
-132.837
-132.925
-133.012
-133.1
-133.137
-133.175
-133.213
-133.25
-133.287
-133.324
-133.423
-133.522
-133.621
-133.72
-133.82
-133.919
-134.025
-134.135
-134.244
-134.353
-134.463
-134.572
-134.681
-134.792
-134.903
-135.014
-135.125
-135.237
-135.348
-135.441
-135.534
-135.626
-135.718
-135.81
-135.902
-135.889
-135.875
-135.861
-135.847
-135.833
-135.818
-135.917
-136.017
-136.116
-136.216
-136.316
-136.416
-136.515
-136.564
-136.613
-136.662
-136.71
-136.759
-136.807
-136.884
-136.96
-137.037
-137.113
-137.19
-137.267
-137.388
-137.507
-137.626
-137.745
-137.865
-137.984
-138.1
-138.218
-138.336
-138.454
-138.572
-138.69
-138.804
-138.933
-139.062
-139.19
-139.318
-139.445
-139.572
-139.532
-139.493
-139.453
-139.413
-139.373
-139.334
-139.593
-139.853
-140.112
-140.372
-140.632
-140.892
-140.956
-141.018
-141.08
-141.142
-141.203
-141.265
-141.228
-141.191
-141.154
-141.117
-141.08
-141.043
-141.006
-141.153
-141.3
-141.447
-141.594
-141.741
-141.888
-141.964
-142.04
-142.117
-142.193
-142.269
-142.346
-142.455
-142.563
-142.671
-142.779
-142.887
-142.995
-143.076
-143.164
-143.253
-143.341
-143.429
-143.517
-143.605
-143.685
-143.765
-143.845
-143.925
-144.005
-144.085
-144.113
-144.141
-144.169
-144.198
-144.226
-144.255
-144.548
-144.841
-145.135
-145.428
-145.722
-146.016
-145.983
-145.944
-145.906
-145.867
-145.828
-145.79
-145.751
-145.854
-145.957
-146.06
-146.163
-146.266
-146.369
-146.46
-146.551
-146.643
-146.734
-146.825
-146.916
-146.963
-147.008
-147.054
-147.1
-147.145
-147.191
-147.247
-147.301
-147.354
-147.408
-147.461
-147.514
-147.577
-147.649
-147.721
-147.793
-147.865
-147.937
-148.009
-148.072
-148.136
-148.199
-148.262
-148.326
-148.389
-148.449
-148.51
-148.57
-148.63
-148.69
-148.751
-148.829
-148.907
-148.986
-149.065
-149.143
-149.222
-149.305
-149.269
-149.234
-149.199
-149.165
-149.132
-149.099
-149.236
-149.374
-149.512
-149.65
-149.788
-149.927
-150.06
-150.193
-150.327
-150.46
-150.593
-150.726
-150.759
-150.795
-150.831
-150.867
-150.903
-150.938
-150.985
-151.025
-151.065
-151.105
-151.145
-151.185
-151.225
-151.261
-151.297
-151.333
-151.369
-151.405
-151.441
-151.484
-151.527
-151.57
-151.613
-151.655
-151.698
-151.753
-151.807
-151.862
-151.916
-151.971
-152.026
-152.061
-152.098
-152.135
-152.173
-152.21
-152.247
-152.284
-152.334
-152.385
-152.435
-152.486
-152.536
-152.586
-152.615
-152.643
-152.671
-152.699
-152.728
-152.756
-152.8
-152.844
-152.889
-152.933
-152.977
-153.021
-153.065
-153.106
-153.148
-153.189
-153.231
-153.273
-153.314
-153.362
-153.41
-153.458
-153.506
-153.553
-153.601
-153.645
-153.688
-153.732
-153.776
-153.819
-153.863
-153.914
-153.965
-154.016
-154.067
-154.118
-154.169
-154.231
-154.293
-154.355
-154.417
-154.478
-154.54
-154.599
-154.657
-154.714
-154.772
-154.83
-154.887
-154.945
-154.918
-154.891
-154.864
-154.838
-154.812
-154.786
-154.746
-154.706
-154.667
-154.627
-154.588
-154.548
-154.736
-154.921
-155.107
-155.293
-155.479
-155.665
-155.589
-155.515
-155.441
-155.368
-155.294
-155.22
-155.147
-155.254
-155.361
-155.468
-155.575
-155.682
-155.79
-155.863
-155.937
-156.011
-156.085
-156.159
-156.232
-156.325
-156.417
-156.509
-156.601
-156.693
-156.786
-156.87
-156.953
-157.036
-157.119
-157.202
-157.285
-157.369
-157.474
-157.58
-157.686
-157.792
-157.898
-158.004
-158.032
-158.059
-158.087
-158.114
-158.141
-158.169
-158.271
-158.373
-158.475
-158.577
-158.679
-158.781
-158.842
-158.906
-158.969
-159.032
-159.096
-159.159
-159.213
-159.237
-159.262
-159.286
-159.311
-159.335
-159.36
-159.437
-159.514
-159.59
-159.667
-159.743
-159.819
-159.839
-159.858
-159.878
-159.898
-159.917
-159.937
-159.934
-159.935
-159.936
-159.938
-159.939
-159.94
-159.962
-160.086
-160.211
-160.336
-160.461
-160.586
-160.71
-160.813
-160.916
-161.019
-161.122
-161.225
-161.328
-161.421
-161.513
-161.606
-161.698
-161.791
-161.883
-161.973
-162.061
-162.15
-162.238
-162.327
-162.415
-162.501
-162.586
-162.67
-162.754
-162.839
-162.923
-163.008
-163.105
-163.202
-163.3
-163.398
-163.496
-163.594
-163.67
-163.746
-163.822
-163.897
-163.973
-164.049
-164.226
-164.403
-164.58
-164.757
-164.933
-165.109
-165.11
-165.117
-165.123
-165.13
-165.137
-165.144
-165.15
-165.253
-165.355
-165.458
-165.561
-165.663
-165.766
-165.871
-165.976
-166.081
-166.186
-166.291
-166.396
-166.524
-166.651
-166.779
-166.907
-167.034
-167.162
-167.283
-167.404
-167.525
-167.647
-167.768
-167.889
-168.024
-168.087
-168.15
-168.214
-168.278
-168.342
-168.406
-168.681
-168.957
-169.234
-169.51
-169.787
-170.065
-170.175
-170.285
-170.396
-170.506
-170.616
-170.726
-170.85
-170.975
-171.1
-171.225
-171.35
-171.475
-171.574
-171.672
-171.77
-171.869
-171.967
-172.066
-172.164
-172.258
-172.353
-172.447
-172.542
-172.636
-172.73
-172.8
-172.87
-172.94
-173.009
-173.079
-173.149
-173.23
-173.31
-173.39
-173.47
-173.55
-173.63
-173.687
-173.744
-173.8
-173.857
-173.915
-173.972
-174.029
-174.087
-174.144
-174.201
-174.257
-174.313
-174.369
-174.494
-174.619
-174.744
-174.869
-174.994
-175.118
-175.292
-175.467
-175.641
-175.816
-175.99
-176.165
-176.255
-176.344
-176.433
-176.523
-176.612
-176.701
-176.795
-176.899
-177.003
-177.106
-177.21
-177.314
-177.418
-177.514
-177.611
-177.707
-177.804
-177.9
-177.996
-178.096
-178.197
-178.297
-178.397
-178.497
-178.597
-178.688
-178.779
-178.87
-178.96
-179.051
-179.142
-179.235
-179.299
-179.364
-179.429
-179.494
-179.559
-179.625
-179.735
-179.845
-179.954
179.936
179.827
179.718
179.566
179.414
179.262
179.11
178.958
178.805
178.757
178.709
178.661
178.612
178.564
178.516
178.524
178.534
178.544
178.554
178.563
178.573
178.583
178.499
178.415
178.33
178.246
178.162
178.078
178.008
177.939
177.869
177.8
177.73
177.661
177.57
177.48
177.389
177.299
177.208
177.118
177.052
176.986
176.92
176.854
176.787
176.721
176.655
176.588
176.52
176.453
176.385
176.318
176.251
176.215
176.178
176.141
176.104
176.067
176.029
175.995
175.961
175.926
175.892
175.858
175.823
175.739
175.655
175.571
175.487
175.403
175.319
175.275
175.266
175.256
175.246
175.237
175.227
175.217
175.2
175.182
175.165
175.147
175.13
175.112
175.038
174.963
174.888
174.813
174.739
174.664
174.617
174.571
174.525
174.478
174.432
174.385
174.329
174.273
174.217
174.16
174.104
174.048
173.992
173.942
173.892
173.842
173.793
173.743
173.693
173.673
173.652
173.631
173.61
173.59
173.569
173.539
173.51
173.48
173.451
173.421
173.391
173.353
173.316
173.28
173.243
173.206
173.169
173.133
173.096
173.06
173.024
172.988
172.952
172.916
172.886
172.857
172.827
172.798
172.768
172.739
172.694
172.649
172.604
172.56
172.515
172.47
172.432
172.395
172.358
172.32
172.283
172.246
172.205
172.165
172.125
172.085
172.046
172.006
171.966
171.912
171.857
171.803
171.749
171.695
171.641
171.628
171.615
171.602
171.589
171.576
171.563
171.472
171.38
171.289
171.198
171.107
171.016
170.92
170.787
170.654
170.521
170.388
170.254
170.121
170.035
169.949
169.862
169.776
169.69
169.604
169.568
169.532
169.495
169.459
169.423
169.387
169.314
169.24
169.167
169.094
169.02
168.947
168.877
168.806
168.736
168.666
168.595
168.525
168.455
168.379
168.302
168.226
168.15
168.074
167.998
167.911
167.823
167.736
167.648
167.561
167.474
167.383
167.292
167.202
167.111
167.02
166.93
166.834
166.739
166.643
166.548
166.453
166.357
166.262
166.172
166.082
165.992
165.902
165.812
165.722
165.635
165.547
165.46
165.373
165.285
165.198
165.112
165.026
164.94
164.854
164.767
164.681
164.607
164.533
164.459
164.385
164.311
164.237
164.137
164.013
163.888
163.763
163.639
163.514
163.389
163.294
163.2
163.105
163.01
162.916
162.821
162.725
162.63
162.534
162.438
162.342
162.247
162.158
162.07
161.981
161.892
161.804
161.715
161.628
161.529
161.43
161.332
161.233
161.134
161.036
160.954
160.873
160.791
160.71
160.629
160.547
160.428
160.309
160.19
160.071
159.952
159.833
159.749
159.666
159.583
159.5
159.416
159.333
159.174
159.016
158.857
158.699
158.54
158.381
158.223
158.106
157.99
157.874
157.758
157.642
157.525
157.444
157.362
157.281
157.2
157.119
157.039
156.885
156.731
156.578
156.424
156.27
156.116
156.017
155.919
155.821
155.723
155.625
155.527
155.429
155.306
155.183
155.061
154.938
154.815
154.692
154.558
154.424
154.289
154.155
154.02
153.886
153.8
153.715
153.629
153.543
153.458
153.372
153.182
152.993
152.804
152.616
152.428
152.239
152.051
151.984
151.916
151.849
151.782
151.714
151.647
151.565
151.482
151.4
151.318
151.235
151.153
151.056
150.959
150.861
150.764
150.667
150.57
150.454
150.337
